-71.0,14.0,0.0,0.0,0.0,0.0,0
-254.0,-217.0
/
0.0,-109.0,-72.0,-112.0,38.0,113.0,48.0,116.0,85.0,-150.0,77.0,-160.0,-107.0,113.0,-113.0,106.0,-70.0,
3.5,110.0,47.0,223.0,45.0,216.0,3.0,177.0,5.0,175.0,-33.0,208.0,-36.0,207.0,-119.0,245.0,-120.0,275.0,95.0,108.0,83.0,
1.5,-160.0,-197.0,-161.0,-107.0,-116.0,-106.0,-117.0,-200.0,
0.0,79.0,81.0,69.0,163.0,333.0,169.0,370.0,-171.0,193.0,-169.0,206.0,-120.0,243.0,-121.0,274.0,94.0,70.0,83.0,
0.0,-208.0,-188.0,-204.0,-112.0,-161.0,-109.0,-158.0,-74.0,-248.0,-85.0,-239.0,-191.0,
0.0,195.0,-167.0,189.0,-234.0,-38.0,-230.0,-41.0,-325.0,-293.0,-360.0,-302.0,-199.0,-234.0,-189.0,-237.0,-165.0,-364.0,-178.0,-324.0,-403.0,7.0,-380.0,12.0,-264.0,232.0,-266.0,240.0,-161.0,
3.5,523.0,90.0,511.0,-96.0,483.0,-92.0,488.0,-68.0,495.0,-59.0,486.0,-49.0,471.0,-51.0,467.0,-63.0,469.0,-90.0,429.0,-93.0,425.0,-138.0,375.0,-141.0,382.0,-54.0,399.0,-44.0,390.0,-39.0,416.0,-33.0,390.0,-30.0,402.0,-26.0,391.0,-22.0,412.0,-16.0,381.0,-8.0,389.0,40.0,347.0,46.0,341.0,89.0,
0.0,-1042.0,63.0,660.0,85.0,656.0,169.0,-1055.0,167.0,
0.0,654.0,86.0,1495.0,82.0,1500.0,164.0,653.0,169.0,
1.5,-1067.0,175.0,-1048.0,43.0,-1033.0,49.0,-1024.0,53.0,-1000.0,49.0,-987.0,56.0,-952.0,47.0,-932.0,44.0,-913.0,42.0,-890.0,45.0,-879.0,56.0,-862.0,57.0,-837.0,56.0,-812.0,46.0,-798.0,38.0,-784.0,44.0,-759.0,56.0,-726.0,46.0,-713.0,44.0,-696.0,50.0,-676.0,46.0,-647.0,44.0,-624.0,46.0,-604.0,47.0,-572.0,48.0,-542.0,62.0,-452.0,52.0,-419.0,47.0,-377.0,37.0,-356.0,46.0,-338.0,59.0,-305.0,53.0,-287.0,49.0,-266.0,59.0,-243.0,63.0,-218.0,65.0,-190.0,66.0,-187.0,67.0,-163.0,68.0,-106.0,67.0,-85.0,65.0,-48.0,68.0,-23.0,70.0,11.0,71.0,38.0,70.0,63.0,75.0,100.0,76.0,123.0,68.0,142.0,67.0,179.0,71.0,213.0,69.0,251.0,67.0,254.0,69.0,266.0,72.0,339.0,76.0,388.0,75.0,402.0,78.0,433.0,79.0,456.0,77.0,478.0,73.0,517.0,72.0,525.0,71.0,624.0,69.0,692.0,73.0,770.0,66.0,841.0,64.0,887.0,60.0,944.0,62.0,1505.0,69.0,1504.0,172.0,
2.5,-47.0,-79.0,-14.0,-158.0,43.0,-167.0,69.0,-83.0,
