-257.0,-151.0,0.0,0.0,0.0,0.0,0
156.0,-224.0
/
3.5,523.0,90.0,511.0,-96.0,483.0,-92.0,488.0,-68.0,495.0,-59.0,486.0,-49.0,471.0,-51.0,467.0,-63.0,469.0,-90.0,429.0,-93.0,425.0,-138.0,375.0,-141.0,382.0,-54.0,399.0,-44.0,390.0,-39.0,416.0,-33.0,390.0,-30.0,402.0,-26.0,391.0,-22.0,412.0,-16.0,381.0,-8.0,389.0,40.0,347.0,46.0,341.0,89.0,
0.0,-1042.0,63.0,660.0,85.0,656.0,169.0,-1055.0,167.0,
0.0,654.0,86.0,1495.0,82.0,1500.0,164.0,653.0,169.0,
3.5,-585.0,69.0,-581.0,9.0,-562.0,13.0,-554.0,-27.0,-572.0,-37.0,-560.0,-113.0,-604.0,-145.0,-612.0,-121.0,-752.0,-118.0,-752.0,69.0,
2.5,123.0,80.0,120.0,43.0,104.0,49.0,97.0,23.0,117.0,20.0,117.0,-3.0,102.0,-6.0,101.0,-21.0,120.0,-33.0,121.0,-53.0,127.0,-79.0,139.0,-66.0,132.0,-165.0,394.0,-184.0,378.0,106.0,
0.0,-735.0,-519.0,-540.0,-416.0,-334.0,-370.0,-117.0,-371.0,69.0,-419.0,278.0,-523.0,273.0,-625.0,-760.0,-632.0,
1.5,-1046.0,47.0,-1016.0,57.0,-986.0,66.0,-960.0,57.0,-932.0,50.0,-897.0,67.0,-860.0,65.0,-848.0,59.0,-823.0,51.0,-794.0,52.0,-759.0,51.0,-743.0,46.0,-735.0,46.0,-716.0,55.0,-699.0,59.0,-685.0,59.0,-667.0,52.0,-649.0,50.0,-626.0,50.0,-610.0,55.0,-601.0,58.0,-583.0,58.0,-574.0,56.0,-559.0,49.0,-539.0,44.0,-530.0,47.0,-524.0,50.0,-502.0,55.0,-483.0,55.0,-462.0,51.0,-435.0,58.0,-423.0,64.0,-397.0,58.0,-371.0,55.0,-351.0,63.0,-293.0,60.0,-256.0,53.0,-227.0,49.0,-213.0,56.0,-197.0,63.0,-170.0,43.0,-148.0,54.0,-109.0,51.0,-28.0,44.0,26.0,45.0,29.0,54.0,62.0,61.0,64.0,68.0,99.0,65.0,129.0,71.0,225.0,63.0,309.0,65.0,426.0,75.0,485.0,67.0,606.0,66.0,601.0,133.0,-1084.0,137.0,
2.5,-440.0,-310.0,-458.0,-286.0,-457.0,-268.0,-437.0,-252.0,-430.0,-230.0,-436.0,-212.0,-409.0,-195.0,-400.0,-194.0,-354.0,-195.0,-347.0,-194.0,-308.0,-207.0,-303.0,-210.0,-299.0,-231.0,-302.0,-270.0,-300.0,-302.0,-305.0,-310.0,-319.0,-319.0,-361.0,-321.0,-388.0,-310.0,-404.0,-312.0,-410.0,-314.0,
3.5,-212.0,-306.0,-216.0,-291.0,-215.0,-280.0,-216.0,-261.0,-224.0,-244.0,-221.0,-231.0,-209.0,-217.0,-209.0,-206.0,-171.0,-207.0,-159.0,-197.0,-154.0,-194.0,-124.0,-197.0,-99.0,-209.0,-82.0,-216.0,-72.0,-209.0,-66.0,-244.0,-68.0,-272.0,-77.0,-297.0,-113.0,-319.0,-128.0,-321.0,-144.0,-316.0,-177.0,-312.0,-193.0,-318.0,
1.5,-417.0,-145.0,-425.0,-120.0,-424.0,-103.0,-431.0,-63.0,-391.0,-44.0,-379.0,-47.0,-361.0,-35.0,-333.0,-31.0,-309.0,-45.0,-297.0,-66.0,-293.0,-107.0,-289.0,-128.0,-291.0,-144.0,-310.0,-163.0,-317.0,-163.0,-342.0,-151.0,-359.0,-149.0,-384.0,-155.0,-387.0,-156.0,
0.0,-217.0,-155.0,-214.0,-128.0,-210.0,-97.0,-222.0,-80.0,-223.0,-70.0,-201.0,-66.0,-175.0,-69.0,-150.0,-57.0,-133.0,-50.0,-102.0,-61.0,-61.0,-77.0,-51.0,-83.0,-52.0,-117.0,-55.0,-132.0,-60.0,-156.0,-85.0,-171.0,-105.0,-178.0,-149.0,-175.0,-170.0,-170.0,-184.0,-168.0,
