105.0,182.0,0.0,0.0,0.0,0.0,0
156.0,-224.0
/
3.5,523.0,90.0,511.0,-96.0,483.0,-92.0,488.0,-68.0,495.0,-59.0,486.0,-49.0,471.0,-51.0,467.0,-63.0,469.0,-90.0,429.0,-93.0,425.0,-138.0,375.0,-141.0,382.0,-54.0,399.0,-44.0,390.0,-39.0,416.0,-33.0,390.0,-30.0,402.0,-26.0,391.0,-22.0,412.0,-16.0,381.0,-8.0,389.0,40.0,347.0,46.0,341.0,89.0,
0.0,-1042.0,63.0,660.0,85.0,656.0,169.0,-1055.0,167.0,
0.0,654.0,86.0,1495.0,82.0,1500.0,164.0,653.0,169.0,
3.5,-533.0,86.0,-529.0,26.0,-510.0,30.0,-502.0,-10.0,-520.0,-20.0,-508.0,-96.0,-552.0,-128.0,-560.0,-104.0,-700.0,-101.0,-700.0,86.0,
2.5,123.0,80.0,120.0,43.0,104.0,49.0,97.0,23.0,117.0,20.0,117.0,-3.0,102.0,-6.0,101.0,-21.0,120.0,-33.0,121.0,-53.0,127.0,-79.0,139.0,-66.0,132.0,-165.0,394.0,-184.0,378.0,106.0,
1.5,-580.0,72.0,-516.0,62.0,-491.0,63.0,-463.0,67.0,-392.0,58.0,-354.0,48.0,-282.0,51.0,-244.0,66.0,-195.0,58.0,-121.0,58.0,-91.0,68.0,-62.0,68.0,1.0,56.0,31.0,59.0,49.0,65.0,83.0,70.0,142.0,68.0,149.0,68.0,171.0,73.0,292.0,82.0,357.0,225.0,-971.0,227.0,-956.0,58.0,
0.0,-678.0,-493.0,-483.0,-390.0,-277.0,-344.0,-60.0,-345.0,126.0,-393.0,335.0,-497.0,330.0,-599.0,-703.0,-606.0,
