0.0,0.0
420.0,-129.0
/
0.0,-105.0,-97.0,-110.0,57.0,-144.0,55.0,-146.0,-98.0,
0.0,-143.0,49.0,-138.0,84.0,465.0,102.0,467.0,62.0,-115.0,53.0,
0.0,-144.0,-95.0,465.0,-97.0,461.0,-61.0,-142.0,-70.0,
0.0,75.0,55.0,77.0,20.0,121.0,22.0,125.0,66.0,
0.0,352.0,64.0,349.0,-24.0,393.0,-20.0,398.0,62.0,
0.0,459.0,68.0,597.0,12.0,594.0,104.0,449.0,98.0,
0.0,594.0,12.0,689.0,18.0,697.0,73.0,574.0,61.0,
0.0,584.0,99.0,734.0,97.0,786.0,-229.0,340.0,-240.0,328.0,-86.0,380.0,-84.0,396.0,-193.0,736.0,-185.0,725.0,20.0,599.0,19.0,
0.0,731.0,-53.0,641.0,-55.0,742.0,-120.0,
