420.0,-129.0
/
0.0,-105.0,-97.0,-110.0,57.0,-144.0,55.0,-146.0,-98.0,
0.0,-143.0,49.0,-138.0,84.0,465.0,102.0,467.0,62.0,-115.0,53.0,
0.0,-144.0,-95.0,465.0,-97.0,461.0,-61.0,-142.0,-70.0,
0.0,75.0,55.0,77.0,20.0,121.0,22.0,125.0,66.0,
0.0,352.0,64.0,349.0,-24.0,393.0,-20.0,398.0,62.0,
0.0,459.0,68.0,597.0,12.0,594.0,104.0,449.0,98.0,
0.0,594.0,12.0,689.0,18.0,697.0,73.0,574.0,61.0,
0.0,584.0,99.0,734.0,97.0,786.0,-229.0,340.0,-240.0,328.0,-86.0,380.0,-84.0,396.0,-193.0,736.0,-185.0,725.0,20.0,599.0,19.0,
0.0,-183.0,-51.0,-184.0,-45.0,-159.0,-44.0,-158.0,47.0,-188.0,60.0,-187.0,68.0,-135.0,53.0,-138.0,-51.0,
0.0,570.0,-230.0,572.0,-483.0,585.0,-484.0,593.0,-225.0,
0.0,462.0,102.0,1582.0,130.0,1578.0,117.0,464.0,85.0,
0.0,759.0,-116.0,902.0,-101.0,894.0,-51.0,733.0,-56.0,
0.0,733.0,-56.0,639.0,-61.0,738.0,-115.0,
0.0,783.0,-230.0,821.0,-223.0,841.0,-212.0,873.0,-184.0,889.0,-159.0,761.0,-165.0,
0.0,885.0,-161.0,1672.0,-120.0,1670.0,-146.0,856.0,-185.0,
0.0,907.0,14.0,909.0,102.0,1123.0,111.0,1103.0,25.0,
